9
5
4
2
5
4
0
6
9
4
9
5
4
2
5
4
0
6
9
4
9
5
4
2
5
4
0
6
9
4
9
5
4
2
5
4
0
6
9
4
9
5
4
2
5
4
0
6
9
4
9
5
4
2
5
4
0
6
9
4
9
5
4
2
5
4
0
6
9
4
9
5
4
2
5
4
0
6
9
4
9
5
4
2
5
4
0
6
9
4
9
5
4
2
5
4
0
6
9
4
9
5
4
2
5
4
0
6
9
4
9
5
4
2
5
4
0
6
9
4
9
5
4
2
5
4
0
6
9
4
9
5
4
2
5
4
0
6
9
4
9
5
4
2
5
4
0
6
9
4
9
5
4
2
5
4
0
6
9
4
9
5
4
2
5
4
0
6
9
4
9
5
4
2
5
4
0
6
9
4
9
5
4
2
5
4
0
6
9
4
9
5
4
2
5
4
0
6
9
4
9
5
4
2
5
4
0
6
9
4
9
5
4
2
5
4
0
6
9
4
9
5
4
2
5
4
0
6
9
4
9
5
4
2
5
4
0
6
9
4
9
5
4
2
5
4
0
6
9
4
9
5
4
2
5
4
0
6
9
4
9
5
4
2
5
4
0
6
9
4
9
5
4
2
5
4
0
6
9
4
9
5
4
2
5
4
0
6
9
4
9
5
4
2
5
4
0
6
9
4